1581.025370977131
6278.14727314678
5355.273975497358
6952.451662351264
15827.421705720488
7628.643071960767
23755.509561452738
17244.200229420036
14056.877637450454
12444.91656669438
21778.30990965203
26417.647129452376
16739.079849567443
14684.847559723112
7691.084129712213
13303.236512385158
18784.51614669336
19866.74804624695
19130.385671424967
1763.1910328435872
8472.435244455304
12617.143979150296
13282.141630356336
12230.712282427403
16720.887576842608
15631.07832704729
12797.755593033666
9473.355940685005
16264.206713007476
18890.31170178609
17817.622159639042
23241.200997084616
30532.67984931932
19205.04211268123
15677.923325986876
10877.01863283665
34943.81529029273
22864.624072403178
36388.46210538973
14743.873995977774
24686.883400863848
31139.767755866345
31363.77017202539
38537.02892051248
27556.506123296567
22794.451736157673
26376.869471097398
33631.28320644333
33492.30465456228
26646.358462148593
24232.509830971518
24777.35780377261
33105.09041994834
31684.143008489653
32337.373408651794
28373.5948092088
34514.62517391281
29568.342099449925
22004.295018833895
22156.6252915747
25450.436283584837
20040.692811707573
26329.68516140212
32548.14346020844
643.1198869057732
4628.6143078894
3709.3432974378707
5442.523360186097
16800.830124863514
3876.678719393594
16316.723048214035
8662.59200010478
5643.174767143101
5351.115378633194
11716.917621744658
11184.125990465542
16502.263165410815
9376.162765800127
4670.486657885242
9023.064240156149
14009.926106137382
13109.438147729865
9583.445253341222
2212.578422931496
2760.2389809484725
4248.790693408501
7311.742204413034
7223.83841049597
11999.238943863362
9813.343913767862
6210.548115692677
5338.432742070377
8179.630185258802
10378.993447114379
7186.75414623549
10338.406616853834
7934.564434786765
1726.8186610682556
5634.556559587461
7205.565234359472
40852.94667966466
20487.663424790244
21241.079277954654
8986.091729935466
22007.543884786985
18365.60466382984
18760.575207360213
24832.292464272014
22581.338197107445
24770.469987508983
26930.310614027887
18603.886601700066
16716.915323304074
10871.793475751827
12131.949736969522
7981.335901877783
411.00126011326796
9926.824144646927
9480.54576754767
11080.984434657265
11699.38105424081
6531.328432184656
6778.222193483942
4322.201921234208
3724.77876625497
4046.229914105959
1653.8862926632748
4098.850900999586
941.8932116935016
3762.4595640813236
4921.525232277143
4464.29090900335
14659.322677348873
2222.851026349037
9940.790225741634
6072.243984018725
5258.800744704117
6394.30008359767
16468.76567557065
15297.13025925898
18457.296171542617
9047.650042950523
5193.761037832492
8853.029321040254
10769.323693237902
11929.500351355831
11394.215631998026
1533.62179187776
6091.164914402995
3056.366135102803
7850.734035883271
8421.156497447064
6772.879867161945
10954.838538699987
6911.522254680412
9170.441292469632
8409.289263767263
12735.34959234664
6096.974709583386
7752.4478128731025
9968.333442877545
5562.341419094828
7450.705692694939
7053.587048026928
35677.51502675565
16489.31451706518
16381.88290612713
12310.860365094211
19799.11926734671
22201.545456871205
25551.811863308252
32560.701680064783
25557.412458929928
24850.949902716548
25826.735730558925
21208.8148128129
16162.828603294729
15864.734175995573
15214.632137789682
15254.078049200933
4247.827212658789
14099.752368994665
11145.079361220207
10799.45828952274
10119.757850524746
9130.104790201764
10840.842851757632
13508.28562554862
10565.835031954915
6082.217237404421
2704.9753722890673
835.7481733644377
1195.0689656067127
4025.79025418729
5291.842196047592
6412.907721327326
18856.82273392263
3131.8585615900506
14824.145836407506
7492.388512165079
3598.521462008131
7270.588817189189
21906.21435501372
14514.708029770116
21058.7440250829
11410.027109041763
9241.991855211903
9482.284790164917
11379.959069551347
17527.618024476003
17486.77027993984
3779.983572740214
7373.404487805702
7489.800672683293
12172.98379270637
8604.483588312967
8715.224727475446
7580.987581864002
6539.160413396224
4196.803927202329
11040.740784929154
12557.536694154327
9339.714404578921
14217.472070683623
13630.43925365363
9728.044316314086
8500.747129955622
8034.159515836812
44527.2372837863
20808.789392671773
25865.039397243
13361.15496572162
23863.847160434107
26143.88234806071
27425.07466346389
34095.965784112734
29548.690687896018
28742.16823819492
30526.052731382184
21284.664671278435
17770.03412982371
17047.794781020715
18877.518274846756
16112.673185495954
6830.45905061516
24153.133867293323
22829.875823721264
17454.346894949234
8839.451126814174
7092.86173335297
5527.873352877433
6209.2574301129025
8325.136178914841
8187.128947787737
2687.604009878012
7620.577592842318
1395.4110162389677
4573.117391407423
2140.4228789446233
8339.948610958703
19090.563177913944
6300.639872076848
16126.836649172554
10731.641712995119
6266.376658518196
5891.361660702676
13952.319855919792
15781.510158584391
18588.464654137308
13197.386476245842
7667.895983055464
10971.474289575608
15370.240898821296
18163.394759297804
17339.33299832427
4162.151509220399
5544.503701387438
6434.793905900203
7766.7956464047875
7271.24303608908
10321.635565550347
12278.696774162352
10138.061028161661
8280.402760825502
9299.375187268342
10069.229020851726
5920.152913384228
4683.560007064887
18228.515587422422
22765.02283109164
26691.73288509573
29235.292114748376
43878.79033343676
27114.811175273426
6851.532978705998
16782.17498872778
21617.929368251826
20813.24390750068
18102.054509616595
15464.28001188991
19873.53305911981
20192.157395316277
21137.039124641036
4873.196897116197
5122.414454821409
7997.770824557758
6116.2209235739
7925.469437244645
15500.67689948187
14333.54233728701
9792.341836115014
9858.774814875984
17917.213967799118
16897.531954576738
15098.269138334661
10053.114078829265
10207.4007998508
6457.067853782097
10909.953189002239
12974.868501613277
16040.676618375588
1630.619935938548
15354.150970810855
4157.697926552211
31690.884064601632
5053.737435800913
43339.98661340782
71247.51618750422
45865.03786213872
31879.687642432284
20027.669988414993
45987.71557442289
44213.16988296703
69356.32243326717
70140.32530911609
48772.52218104366
20985.493297252324
27326.310323093356
62764.93321316886
50518.82987806641
28318.601898941568
38237.14526465139
26443.872351756494
11182.291289503071
2541.18477168123
9082.170761489973
24081.40719317014
28218.769247060212
22552.492989489743
17650.011242258952
24978.582062622772
11970.78813436701
72937.02969808542
85816.6692538049
95111.47973379688
104422.94521522241
92109.43980743096
92458.5284339499
70934.35597976627
96163.91333163662
109721.71189941984
109285.44762522797
76417.59732855253
46205.4032621526
5640.771051301017
58508.82656999625
75279.60894983239
22927.716622047592
62241.302483085776
41118.15856487743
54069.577646799225
65439.06890911587
56845.678512219616
30959.762609028563
10458.41901088502
48340.3082494715
52112.13627309262
27463.161610549414
27390.572861989407
32786.54915877151
37531.026338774565
33623.17663214147
27138.425531836096
30305.3366593486
1252.21678277361
6500.497773690837
3433.0650873274626
9184.650804332896
19479.95355253747
6313.861608878998
21422.522279361212
26972.37366943466
18009.103699118386
7655.545043324838
15907.770162472181
27397.706712074585
23170.863765531056
33404.22469765913
30559.913708065753
15563.883167209442
3388.829516998785
17336.980423519843
27024.456980373285
21250.383713326566
15748.399978609557
15781.778678884031
9261.770557314287
6435.28451682845
6518.106803387226
10909.386561371472
16328.88279453679
17254.968229421178
11091.392993824169
7240.450758111657
9589.5060016672
3739.339648059749
28745.00329887053
33011.24455542572
41602.705229802974
43313.68001733753
47685.83644085117
33745.39472201691
20108.76850773225
19136.444712016586
32320.698951460527
36886.879911763994
33418.740495744074
26804.04760664287
14052.533167746129
8988.040546334681
19167.82247057734
8651.171228211486
4738.852692426862
4476.403795854568
6467.30530949764
12293.810661834737
7355.086166672934
4604.792318702376
9228.222183967657
8224.755144441864
5003.184651187904
2930.8819013974853
7475.920947546477
11709.667840413264
14328.923223573156
12530.410092175973
8856.325226129427
8830.733706176643
1542.5221522091013
4865.304863103984
2710.9473666951144
8408.001587932526
18941.559863816958
6134.760188971773
20204.715337591053
21017.42433191962
13937.335150744426
10102.207550944442
14026.15186561659
22284.14296654767
15832.971734526809
25073.308970266935
22242.076899411033
12640.242451935077
4322.370570890909
16748.090067845504
24720.877385009055
17839.432046728
13925.902294587746
13293.674438583834
6493.243902284168
4388.895785274748
5991.405624360788
7451.078376257817
13162.369044993107
11823.402505632434
10390.394420417075
9427.122432120626
10047.269493943522
5838.838187952441
15307.1413573832
19193.280825940772
28929.966389734134
28528.569277530085
40465.77615404733
20093.938600098
8006.15382751816
12155.210939941098
21192.303590503183
24167.316223707312
26430.712368005647
22345.576266613414
13379.025582604096
7201.361955916698
14234.835122195596
10581.875895076488
6889.781064244788
5984.592999221663
4471.306952204281
10627.879468950638
7180.539064450928
2976.8278515328243
8057.735000839838
9205.243823009987
7459.383576410621
8465.179420412702
3146.15653375333
1284.6700338355074
6209.971095877694
8552.674476689152
8772.3653328807
6732.460966609225
577.2267853895521
1915.965125764684
2698.9219020025007
4986.5079289539135
18517.252223141677
2643.0941109779196
13796.073255961963
16916.1507934489
7197.183633102897
15377.61971509989
2635.4377016282856
7840.373028782497
9121.091001486759
24855.67284997838
13137.27325260711
6065.108771529282
3688.791790565885
6628.084062472665
16085.36254711734
6574.336648711761
7252.295264802236
12225.404512452958
6304.401004194649
5863.7880749521655
1676.3268134160676
5335.827789687407
5106.9069482446685
9498.569944437877
5697.924222678969
9640.052613656277
13175.106999214422
6730.295585709318
3092.1808732827153
4046.6266224935443
13831.389107415422
17084.929822139005
38813.813871157414
10356.622637202077
6180.733738315209
2138.2288104007102
17844.579730140686
5833.102974810309
13099.470677963138
23494.506004572373
20461.65898852763
16362.724718444799
14923.607938143767
21730.357497602854
11547.215001761135
8500.429573683801
4096.217098483208
7992.5885561102605
13499.937426653392
9014.199482100816
5182.043050084666
15236.284226075315
14008.280070244486
9749.08906787998
6748.549861375208
7770.280676465389
6689.136525422593
6675.285451529509
13217.632548908286
6521.073095031404
327.1867522352131
2137.021550916905
2891.0060144715485
7908.829890563097
20532.656503941176
5482.1428095463925
24563.940346708114
23548.375260895315
12672.196539292614
11324.576976870496
5692.72722314199
11172.098297810195
8427.73674585853
20828.966975808886
14776.333447543584
10695.782408575698
863.5236861699101
11057.746690903059
19287.98366540289
14795.48196874852
18141.05610314086
14574.49061725569
5996.353951179639
7471.283064891913
3072.5095547511787
9236.45468426372
16336.176536608433
19687.222627042254
15483.76726850947
11398.81584674351
15791.374620473693
7019.535547022036
10587.920599736684
14171.5583949463
20484.245642670663
24441.73964974659
51165.30552975299
19561.074255311807
16351.002899301533
7624.689791851258
21381.60265627037
14777.489368270506
22555.748504696923
20893.98808284403
13171.468890537652
14042.882928133109
22230.27533494846
14930.566628924074
15158.534477200983
12131.993053920958
10412.67711649089
20917.66609886573
24803.367092028664
13884.465834682742
11649.03254471386
24233.360687370776
22006.254575565443
22036.654642988055
19511.658208304612
18780.375964416686
13594.610764453368
13802.154820552649
14594.114929343967
12543.737211319642
1479.910685560097
7576.871922479301
2105.510356048735
13761.914890773645
35121.6522070338
15061.213229931009
34888.49901257754
29625.274202615503
17471.082335886673
2280.337545150058
18143.337517516808
33971.68742702181
32182.99544011667
28023.28781627027
22093.739838040598
27837.577305297316
33780.03423898754
22176.163405719715
36741.580811485204
23656.14607384035
35572.49531039184
30251.86063266713
15686.042927831657
1779.1911320728163
10645.383320408308
18383.302039206657
14379.586372217565
14165.49084411727
13992.080639514008
9240.514713104221
5081.670897412445
7880.561741483985
1842.5850122812444
4787.992674297008
11424.485626253583
24505.989217059974
61990.84505057504
41300.50880041872
41002.082236087444
25037.5772873801
10901.299828095676
12355.771146692716
30332.06441806495
32219.175293641576
33524.90756917846
13531.396132597296
29739.516883083954
5983.245021209815
16015.64547143154
34568.83427803755
30581.623466987738
26277.562708832203
22846.739029910317
23662.270744476195
16730.025126073666
15451.877863627447
6584.265782478901
6484.639029919359
10506.750353274369
3006.4325284422252
3192.1264281509443
1832.9888506799323
5053.096276276605
7614.959804470646
382.98561284882345
3005.0449157824796
1440.1109595985374
6925.467301841682
19245.35656867551
2172.762602250381
13963.536443894016
9398.319114904623
6123.475580214096
3633.926949723051
11403.763351303742
16843.973789070602
18066.217987693846
11300.289926315105
11646.710198957953
17492.488847315875
18994.270395000494
8963.554677681577
13130.325085441866
7756.811977053623
13658.9406432568
10080.955089973564
5879.351199290869
631.811976622149
6795.566420655253
10555.717020283359
7233.0044347935245
8865.71276141626
7943.604403708501
6276.736429825847
2911.728750622089
4583.691815498108
1846.7734117975933
3165.6590450115054
7656.263965077288
11999.144432143103
35018.22469311829
15918.406944524611
14617.424239258291
5643.734197988761
7617.949431579794
10411.617621816858
16468.124655511045
23617.55984561242
18999.975689928935
9442.452398545527
16339.160562918192
3145.922867150002
10866.120658574035
13622.79950537214
8341.964172100306
7206.902762246999
8423.816591655783
9433.005241675932
8009.278253835563
6455.770161216543
4195.434957338871
5943.716265800119
7705.2658349915755
3215.3935692991754
5700.460224610332
5748.900792792221
7727.9390079199275
8001.685203781295
1657.3512394917439
6541.332887537881
521.9926130910496
11001.129245274466
20602.786775387467
7915.554642356997
25422.682532649684
25363.92490982766
13779.851088917016
3205.863627604235
13507.778890271467
25204.17020560338
27895.011297265
26892.934653689394
22499.735903038356
25057.110744438953
26746.932151912857
13833.99171083481
25327.767014210975
15403.065771150576
24183.133489719065
21631.470993718514
13419.385528248102
2564.1183163932687
8968.333883778667
13858.736081022895
9971.679168143419
12936.035303800474
13255.130973324967
10563.21279640735
4894.513098914323
6382.376545205596
20480.50284459287
24325.33990782034
30440.414119414672
39048.65277917509
43654.39134350528
30655.933164111306
17566.477496996748
9873.967889099013
12938.924532107185
19014.96006594318
14674.621148996377
10433.602337568205
10003.022086119194
5022.163446644748
13645.928588009541
16848.183920005595
11185.254797514908
4338.679016939212
7560.440913610927
15564.514640042853
9223.013750029202
12080.011743708954
11586.794294700932
18308.40128598371
17282.776477525003
16567.09797982732
20970.291308414904
20862.134492526144
21687.466529486614
16708.133119537622
13022.782670552762
12974.81474494754
1280.240609132986
4485.572293586475
2444.4640017336574
6930.3370208731785
19643.93949765506
5327.448657721546
21409.84124550819
19083.358638250797
12008.629926365547
1540.5639337075452
12023.008232577202
21169.611420081434
19323.04860438256
17887.80521677287
16393.331179950364
19400.227094941525
24032.690892556395
13334.338659730138
22404.055011079417
10952.872422610872
16770.452852948503
16056.517759414199
8409.57690725994
999.0713789205771
4430.505483396128
9853.390354135001
9289.287241195547
9813.354007580372
9797.913033318895
6029.724168943083
4205.724153389022
6498.13655036507
7773.061070164654
10631.243337583534
16738.092173517565
22348.48960249852
38533.24391515549
20988.559907009396
19452.539312728222
9014.043916993045
7711.544896756812
10245.701872510534
16464.879881405843
18786.068358551038
16811.034261273773
7281.5879931989975
14643.69817955167
1923.680820961141
11413.826048272498
15990.616172211065
9785.922666427281
8459.116253840699
5970.024334572199
9313.951006177345
3361.9289462639194
5531.189893305422
418.89364173987826
1614.3203792345328
5094.441180472224
1355.7333170908678
3455.057083852093
4207.192759939507
7046.859994067635
5376.524316076892
1620.3400058601942
3735.9380390121078
490.87534062373015
7015.281827015707
27629.764030535993
882.978193057508
20551.316095037575
14746.553515278081
9193.50148281913
3177.623959948914
6693.170239626416
15730.906242815894
11842.846187296156
3505.840733763319
9259.700685944274
18272.554255132032
23855.28749638672
546.1212787128476
30344.00093864305
8774.498544422013
25052.516767083715
18362.651906453015
11071.335674219357
5205.118549181446
7240.8498133109515
9607.955647970579
3325.7289259715053
7099.381099222336
7202.604503088665
12838.500546948035
3827.5138367617037
5727.76080099696
3632.9030042788736
3222.3128760817817
11110.421775555888
14021.432058029113
48776.98408845794
19585.04055639064
18639.346237960668
9959.536392821512
14528.827589713945
4849.726489631157
13048.072572626927
20532.995621556645
20457.807201916414
6884.199178363478
11412.781527471452
506.1780962798202
12177.246501135729
19658.539903311823
10486.20110281678
16130.557635160145
15531.829161575284
13471.069748200467
11067.270249625823
10865.67268450926
4745.913825283612
2711.302295137859
2650.3864449178564
4803.235056415401
4789.34918175079
9109.934111460494
10928.380974356385
11849.328860780877
4845.390696812617
3253.418730604289
2448.9558682043516
7817.880956584615
18680.479851443648
7978.607035448259
19001.97447307882
11664.304353230978
5474.64499306439
11545.085216658319
19882.10396631773
38233.635366176386
32908.69972786533
18551.71390245433
16913.438268216123
30225.562382869553
36847.59708659426
12566.075533719883
44682.331404638564
30325.598688949336
19987.33300994678
12481.393375598584
5045.02410153639
11739.932588420132
15849.301118483521
14927.533824522647
10659.10572127994
4782.307599082721
3120.7703040386136
5997.36611377638
1192.8260379081732
2312.8721250475137
2668.862449638722
3551.9709149665355
6370.148403134598
18483.73968024267
33771.75613527409
32847.66534266909
38220.844348507126
31177.572771875108
23327.71331280755
19017.124212314025
18371.147144694143
24571.22920727726
8824.982964362807
4823.364054106059
16980.006063624936
6461.318088700246
11535.635324143197
16504.77725788473
14343.183354954404
12640.208257168992
8645.091349921508
9292.308099175596
5074.680719166455
10263.620538456504
17362.94438247438
15650.081210834389
5985.736895436898
6104.434382878641
6417.300972367887
3720.8800789508705
8979.613602890306
5901.433575696017
7041.474586547944
2654.569864731448
3335.867296410311
1583.1747501295724
18124.828735282925
7099.718524106698
13743.548577995934
11563.457618055416
6636.2814473308945
12546.994097924997
13461.902727019737
29984.439152419756
32875.96209882769
18503.562648590385
15018.771472369139
24713.73029994763
23102.158757274465
7214.370131083734
29796.12947993528
24862.405177864723
24818.02250315773
19571.069500210022
12090.43332613708
10405.548323384543
16995.060811310177
17640.683436544125
15100.993779364628
7274.2408672163365
4131.221083915751
4917.99265813995
3217.1426843314107
1127.1304015905052
2502.3606425170597
2852.3723149925186
7675.114495431012
13426.381789479676
29955.836721931308
21124.439760835907
23422.72476401827
22067.606602469703
17513.205867719018
15748.202330657308
14043.689667783052
20240.805733154313
10190.211155649735
5706.112740241191
15172.205542170754
3357.739935577772
6254.757446987057
12179.187214993652
7680.873023366015
9821.970370131407
13942.335066258678
20889.444170696926
9638.512747394587
12490.132981071165
15308.68250098681
12647.464070948794
4413.395266877751
6114.766772332659
3436.9123186245624
2296.071545104504
5701.375145926012
6493.098233009899
2338.730303913484
4563.083863429898
1363.5266030044083
6516.364554767162
25165.35696319526
3328.527400447388
15912.97980980639
8005.191127715748
5788.98696292662
5734.859436722232
9086.564538387911
27437.92268858244
25357.220419209607
9837.687005442009
7111.841320693039
19497.736251125432
24170.69446353851
5466.828345658274
33996.57789410525
20916.289308754556
17545.783970077708
14644.478984879059
5059.635464819775
9899.18949861829
7219.647418387508
13914.02685292651
10346.716896881038
2859.563718275976
1573.3752144993737
4087.05223092856
2493.657513767211
7211.162663144645
3614.1783253406784
420.7383801823337
4210.121321966062
12094.984986199188
38157.576706088934
23009.120994542598
23065.333964958212
19233.92372567849
12365.093517575395
9350.787466440652
10478.502834948975
19002.900828860973
3236.7835285887186
8371.960844982461
16453.334216871546
956.1171054547452
6700.962013190269
8176.890890150022
5067.684920661501
7700.167297693912
6667.612859646455
14258.823394949279
1770.6388510587758
5293.477927877625
7476.270522188685
13260.4477615739
3365.5933000698697
4879.214435271665
4046.119171767962
698.4943518202219
3983.8120482856752
6494.021328492418
9458.573052975877
16058.036148435534
12305.150804674482
22102.404419238133
23343.13458748639
16471.89197703986
17670.022881938192
3075.4749370749423
8889.876745648868
22542.27488596301
32406.049212852853
53980.81516349174
40395.80803043701
15658.829683602982
13563.0744007137
25394.623513162907
28800.221271459868
1286.4972072785079
37091.900263283256
24229.289471551194
19200.294912316258
14419.070949429613
6202.693699730532
28946.320919661262
30535.160267515534
34742.061801676486
29566.773979272373
17221.476788333133
17379.809673108626
13958.821439940168
16359.37369228173
13443.269156196597
3534.200871433943
6350.43143821071
9261.818751933606
22056.034552225923
41767.67097228142
37093.80990002978
37550.212728766404
34480.594732855294
26495.6031667833
21325.71540496164
22531.726169994927
31109.744629402034
9040.761977318001
4352.196140655615
22399.591459482064
8638.832370311322
10740.927651906813
18638.9364385757
19347.76998883929
17860.18698405661
18515.753099744208
25308.5242186726
14305.97296864802
26406.16480342966
35644.985328550996
33104.835599897575
12595.620738014277
3589.2297919693615
3058.860308886401
5949.620366392996
15533.170928481919
15811.261481054704
4321.638775198012
600.3421164269781
1105.923423863549
4953.888200733678
24492.063769861157
7114.805343655284
12579.107912027896
5920.81413354524
5737.862847335298
14519.521085840644
17480.58733917145
29853.430056447956
23000.7831794524
5955.912399373579
5213.370999950453
24006.247578376708
28775.880881197205
12313.58590928057
45396.984128651835
19443.71615630496
15895.638757331362
18120.71029047295
16771.681800802216
9862.45470369071
12180.33245608294
14283.938293747768
11174.776902623533
2797.543950323275
4250.671857048938
9182.308437978027
6397.5661030040055
9208.551160743475
4213.198029577191
702.4169930619029
10177.092181903681
13657.853964591011
42047.820996909
29212.193411556644
19236.14187194613
14284.090400795605
16333.115551320261
17205.796946129387
15121.677528138229
23560.744909732464
6465.526115708284
11281.80973717855
16722.20270937626
4891.227991601427
13309.363642111928
11851.496903283201
2216.143622410264
9143.206741486925
8214.909656312386
16190.25579192923
4015.5365107231605
13204.919015305059
12483.995376717929
14065.462941019616
6052.991499428546
4250.896745908076
3389.7889255481246
1237.362463173268
9161.199264348488
6984.612993789392
9385.729494096364
3669.6644786239103
4803.401096652214
9594.973610619736
20175.09769879595
11260.123336087352
16912.00915184363
8251.760937147263
7960.7962870960655
20331.568705998645
29136.082320313453
48196.134026156156
16564.087444068846
18391.428883402878
25737.57762749345
40521.35831562461
32497.072781171046
35873.148814074644
58416.180058602324
31500.959844627785
24078.713650638096
34544.611999124245
32845.91992426654
23646.77718955218
19962.573134140017
18617.043709071375
19235.414719761262
20593.45727572554
21289.697978111006
17208.809413549225
19162.46882795794
19573.192027373538
5596.688358116085
7710.451011552745
6043.348809936927
16031.949868422878
20448.269640568687
22520.21465089535
30486.93941681263
30850.827434106563
27833.112832004146
24304.720189672462
19885.274196607355
34086.424160676586
15017.342605551328
9583.130521464867
7367.282605555831
15371.894850479373
24930.621184809566
17200.031257213053
10125.655372574443
5432.661939852958
25361.81299884433
29334.841554470586
16247.63766748186
4679.156335424571
9538.95682207095
10085.48196803263
10716.527847757217
9066.25406641137
6357.258509311141
4490.528884052935
7807.1313673927725
9027.315008719963
8953.096100550883
2720.1050020463313
3868.562833197111
7983.391244254457
18779.53769459499
7159.095135832137
15541.886240945092
3874.6831864038363
1052.1600738989907
7742.763249119453
18948.482317571885
38897.29442357978
13598.412021339149
13399.694555315193
23252.258562170475
38036.35518269324
29028.647132318918
29408.006421684004
58123.517091902504
33087.716881778615
18454.992718258633
26744.66523866616
29849.338535874733
22799.041723331404
16606.50655613441
15624.802645134985
17431.493013795727
19810.3790731614
22743.482223335395
23867.667794382614
23243.064798173753
21522.98602086869
3679.979884093021
1111.3496322312167
360.458852102674
13218.56015352553
21363.4912699054
25396.036664642474
32790.79179183782
32517.252359175734
22669.555688186578
20016.80450961693
16114.951200330855
35467.84518796128
21693.13416176879
18300.410261170113
8615.979627567789
14188.14115334941
24633.124646083375
17406.47119028569
14259.239406778743
4573.8100288039905
17505.525033380105
26137.040409405105
18143.047029837893
3946.260760331844
3219.2322234394956
2622.375937583268
4792.646099359035
4540.387741733584
3928.3310110347297
4702.95963200673
5646.80421482947
4285.5077155398385
868.5076099325681
7638.441346359188
3087.986644821792
10963.637815469905
14118.764967618326
1549.0921825969062
13100.878169253667
7406.615385324519
4685.379646047868
19403.833679354786
10933.107027007649
54493.544055918035
19432.39583499276
10657.204138290223
23403.378205087865
44192.829978344365
28352.76476304115
14766.053864333515
49195.76607627461
19303.608886629612
8313.206355151087
14899.49526539818
21802.941993239318
9972.74014935895
8743.109154576076
14368.100204107768
9395.696412135212
9540.70378453101
6712.650691970762
2408.302534051254
5654.556003865399
4730.115713042308
5250.763149096655
1870.5196020355907
3491.590030885412
14270.041919724663
14473.130720036723
7398.398574140344
10429.276257317393
18997.425359509194
18803.087572446602
16421.318641914087
11766.798195820293
46378.067351339836
10108.87039082062
21720.233940424907
33407.43234442515
20609.810251628103
22007.244481883467
4974.709939885659
7026.143926533642
3018.1360183919514
8469.859671447612
21808.66567801796
14095.324913917546
1844.9926789244143
6059.919851280435
7069.351072065094
8713.158256064375
9861.834646348685
6456.793561168215
5385.517499256319
4095.753512681403
4199.528954036811
2550.6201881938955
8698.374022418217
6270.33616435991
14908.250239308141
19478.641676456875
8165.218190770455
14244.598637071715
3869.6277622232656
6835.886598274211
18962.42661879622
28359.810959020215
49485.05880618896
16789.300720018797
16859.71598220224
22569.945617286237
38154.537489840695
25781.354136042137
19310.288799489525
35903.16295614561
21260.82815666134
13799.93627931632
14038.99322730237
23876.055548638196
21064.644477172016
16275.518667645638
16762.273539512156
12900.024181760073
11314.10909009758
18687.903268067774
21112.487573343984
24163.55000218782
23423.456926561725
5732.383960480033
1716.7941728256142
884.3109632438823
9599.637379861042
18370.44851943999
17909.63902782438
27275.331557098947
33982.93204399607
27831.11805676317
25812.226676828515
18666.994224675498
48968.69205388049
27907.283000413732
23099.434479409796
12681.92345989265
13877.57390990578
19451.29998588691
17062.714870378637
12208.642137416047
6352.950161298478
5809.760206441029
16919.464091039983
15657.448893387102
6365.025593878846
1808.0685244421618
2468.627147459118
2082.2135219001384
4149.042909370795
5788.9530157114295
9589.202154861712
10255.069029494309
7238.663669796307
2713.644171853028
1820.6597773366416
4061.3375019578343
8989.291860753496
16905.890453484964
7696.4877895309255
11980.92560961372
2163.4046558395557
5737.0648929843965
16334.978701936412
16023.051495397656
35274.788516610744
11612.655769656869
1381.0799060440131
22134.45301905458
52809.970580914916
31806.614411292037
15008.47729813714
52415.475233811936
25385.39941556132
11959.456957777293
12527.637200846499
17332.236430456007
15749.414079719749
9741.248626311264
12500.891602175989
10027.502449093807
9738.845746294804
13748.056526252869
12929.39920366501
18186.973542536532
20036.796191077246
4515.273507193454
263.1832487091106
6596.002656196617
8954.85831507564
18484.34238956311
15555.704175949015
15173.094408692396
28009.076741718756
17444.088403711718
12480.815692676133
13857.247757753092
37181.192848624734
9773.964970940511
15723.312133208014
25616.75477414016
21394.66207375768
23420.201708138415
11693.276565295058
10551.250780774364
835.7772163511339
9531.458197817868
13839.959165885979
14435.834147647933
5434.345018791652
5594.037424966409
3101.1094949314625
3233.226616341927
2557.969001850469
5371.791898402498
4619.835614987137
2645.7034114218363
3802.543793756717
8705.572531363408
5767.546291932267
3262.85022190306
22126.047914189898
28211.457185401196
15292.293374326164
23874.5114801593
20828.92757518047
25306.66915161812
13198.528003196234
16116.060915994365
19590.050293562614
13038.287396272213
17426.397081748033
17891.9890126456
10919.29003009191
8473.55378494397
13682.263441997
7291.847837428014
16327.14944023144
19381.613716734148
14390.1335869342
8547.156327315402
9008.826840405358
16888.315284311673
28395.13558023481
30107.560171717047
24704.716428541953
17711.973077971557
13030.822747963683
25214.592709782148
25773.985316751467
6450.4647843861785
16837.738672549596
9047.054366614271
15281.544749453573
20925.98883476971
5181.9112871179095
19728.205238030347
21704.234545811083
15277.609542742417
6019.439700031791
12775.000869477366
13774.675947375948
24159.61333929622
17699.96897122414
12488.417482310624
4218.534117641749
5802.699981997747
8148.36741584563
14665.028594716776
13242.84142890216
11086.492608561817
14459.013682423865
9702.482543353852
7276.539243173889
6651.356138086364
9238.167065776266
4703.825626033171
6220.072118231602
7354.577153692879
11109.6440252312
9973.087201329028
8013.3319108520545
3057.47623163282
12227.20814420807
12843.33776279641
26344.492685720856
27107.98063799685
17872.344680516973
21706.523500478655
12784.231154170664
13851.571335911649
11776.385770316429
21064.213876472277
20836.9698545824
18776.30672883429
18364.844359554092
23767.214817219217
17282.362737580246
14383.107918959055
23414.624310492633
13822.847918976335
27882.53876296307
29789.516119325213
21963.600347885967
10696.128467614742
9067.54630853659
13887.305633776741
29197.332235982696
32138.93315001914
26556.561004848394
17436.994556965117
11516.887519311333
16043.361057165897
17827.227337630535
20423.88637009077
27033.027472484526
21577.67852684249
32355.298921114263
20809.364010648875
16166.799540124774
30523.632395471428
23882.30922520243
12055.391618778183
10765.145237124385
27750.143265009247
29029.013894042782
34136.32554471788
27181.84511858506
16078.690851190042
18714.234351630406
17394.59876092362
19780.89663666633
26287.402820848532
24278.862788839207
23307.97324838397
25417.463480571412
14606.195365325324
13573.556062052166
15017.46477929407
18666.35473372347
14579.451471848148
13193.844167065792
13907.719789236333
15111.910995134485
15964.791682492247
12870.242292703142
1472.8752288168548
5054.004556590546
5741.469415002984
20747.172269411578
18333.399173478723
4570.441465412265
18062.895810844984
7643.567523653956
13449.256486904194
9673.629929090164
12087.419183119771
13321.934157241458
10670.494332033422
11028.936592959692
14656.213171352198
11340.422347495356
8520.956771870364
21621.94511985227
10559.038223515407
18735.24654839175
24801.466450091928
17907.531850846644
13838.905957382545
6556.617098914005
8873.646023692718
22229.596083000004
19248.405501239533
19290.97048676197
10129.407125393265
2652.451761448052
12650.11234734347
9675.65329592984
4781.792144486656
1484.793799583851
2737.910943470378
11553.475434532305
25902.951834749038
5978.344473934842
14249.124796446682
15933.458628933227
12045.647762377144
5795.583882837144
7289.067171503891
10554.050798117301
14131.949255503596
13850.668181176468
18845.681913962195
6446.8764293963395
4395.975913670695
4377.4060001643875
15141.615969882963
6872.966004037875
7892.791512595572
21568.212617881338
9771.00040869079
10064.753006384113
6686.312091832524
11315.50842971589
4816.139940950363
4873.680042313853
3227.2197464607207
9000.403313083107
4880.44982156591
2646.231028372787
5309.9664306298355
9637.02513026546
8729.876045780724
27741.066591217783
28966.412858593183
19412.463379091365
23540.93061969049
18128.61573346155
16367.396681765013
9412.081525757218
15768.089490453347
17559.758373972312
13688.294933597765
16017.01095147283
15781.698946513086
12919.135983939947
10638.565368571648
18413.031226579926
12678.403540548794
25779.71776888642
26636.99454734377
23079.997508754564
11869.923554002418
10580.431399964986
23697.059509469163
43343.55958317716
48288.73671446998
43549.38208246639
30774.254698449207
18775.35188824709
32213.52785441169
34118.263674244175
14034.08866344117
22383.55633561632
13661.470204103629
27197.91593035664
22364.64506153773
8974.38032234082
23311.691190776397
19814.97066381914
10357.60116752768
8554.755394280914
21402.622462939762
20603.062365235233
27983.573009506745
22939.62047593566
15179.728306452907
12152.809321092507
10212.31125319144
11928.379456923585
22225.754821673185
19042.238301005684
21433.180191060972
25532.364193290956
15533.29884702001
10232.564036097483
9067.785082852068
13922.528105930023
11768.180397167333
12765.924434854554
12883.679064979106
15386.324499159427
16176.182655771798
12036.303083712275
6430.952061955319
15283.030533328672
14764.235228356018
17756.433720791232
20982.55100641512
8400.274891607647
17519.59586196268
10968.163434936117
13235.690056201387
12299.081606349959
19752.232212454503
17892.63562063207
17017.467869183147
8944.482004963627
15859.896309255857
10335.335536971348
10512.122890606333
15994.788964530208
13045.71896472144
20837.26181691571
19832.355580300904
18001.64593614252
9805.862180361359
8993.860864538368
12276.997955817207
23038.69741921126
29459.943996466907
27152.559985968554
17681.663924648205
8033.787847742617
18678.824315959573
16160.406310746206
3994.3939808557607
6650.597149665639
7009.912830424005
10609.491089115645
21776.1026180018
7785.926577884746
11970.647583550897
18373.92861305723
16075.27284060729
8380.337891598423
6551.621333442125
14569.421982920392
16664.63520858375
15626.846171920553
16530.279860569586
7106.337972971242
6227.259553652085
4114.088361197447
10110.222348713287
9888.633866658021
12472.904097957136
19423.82669248414
9931.098442314544
6938.499042352743
4708.0564153788255
8077.973222407368
5778.98282068994
5371.2947927667965
3203.6189918764753
5071.064913907543
5279.580807415246
4062.7855287689595
856.127656156566
6390.332690822482
3279.168202693748
22369.316562334065
11817.655361431973
6290.926987965672
11915.197691076308
7961.841100621202
8444.400844643718
9135.789086346702
3632.879336995594
3371.198781972399
12390.248664007777
1197.2758596425863
10042.727849313438
6244.96466422719
6834.555221943753
4323.22298874024
25507.42939395218
6640.73000511734
3498.7710606059172
13522.533774035179
14942.20764170278
11932.716951952647
10285.567853616338
7118.9780471074255
9105.444138549297
6253.235318628251
8117.437109577466
10086.276218852025
4303.038593047997
5486.828271471967
4458.399742669682
2418.354241552083
2855.556947746605
14162.381913802741
20998.15458161329
4549.631257996946
13644.35811935387
6576.5260155379165
6160.240724720144
5578.769524980772
8435.42719402435
14564.79522324277
13300.127894413901
11969.463706380298
7643.169785313802
5584.516249151065
6789.222757221524
6545.007501104417
16283.17561369939
16988.178536278683
9221.828245087767
12697.408460177337
4579.688458697323
3721.603672722655
10276.365508944502
5572.511094650493
4041.858445863423
846.8352285719401
5550.117175966197
1463.9733054836647
5639.136046227945
1348.785577760319
7171.160357264183
17186.25633780954
14621.77300808741
22399.083785207822
12153.217721757808
5635.688265000985
8038.4635024692125
1371.575206749873
1989.1070482896212
15674.992536269378
8024.433425141409
2818.3028224237264
18258.107590320968
6365.233953172033
8750.725153905792
8340.93488563408
5777.319609956313
3366.5895117467985
11286.622997022012
4045.4205589180156
12058.336645497508
20128.26721461693
18012.43354416279
12476.76817689372
9197.238305496561
9495.731190713883
10951.812359523548
15850.664176989025
18067.969754308953
18457.892118321794
11402.127483701217
9965.792185075456
4296.594360814212
4863.026977456405
2992.397464763851
17219.589218920435
20256.33557954526
5254.187784754284
19286.752470654406
12295.70736339082
9301.522645651798
4412.688377326905
11559.93986341007
15943.747726839654
17662.149857484426
16341.105535090943
6214.2048875149085
8199.123842532726
8913.024943205332
9227.775749991424
15121.654119564973
17938.68384567982
14004.227316485212
14773.15520807928
4279.775180744267
4678.787761120912
11617.832450785463
8254.243117732036
4811.511524713971
1705.7787739016258
8674.323190676992
2557.6778060357806
8337.61823843355
4381.359460592838
1308.4709342541012
6612.028721434271
5991.050416617934
25611.271744989976
10985.832545799476
9209.455058598869
11447.091946823053
8309.475240276339
7906.446693922804
8993.255378991205
5768.659048431714
3042.9193625239773
9153.07538570596
1721.5280280474042
6965.272416293702
4860.70141217654
6874.621186845527
3746.8384208256075
18324.984505857177
5541.611593968797
4408.5821945128
8944.119123405246
7367.2894781217
10455.765318129022
6880.99352594263
5830.9086423808385
7824.261743244204
7810.425138911054
9834.367427547691
11423.654759420162
5003.495608113481
7563.669743697234
4411.486276979085
3075.849312351219
4348.955681168451
15818.523888446207
21939.066913467173
4547.042398382019
14954.248468592128
5593.379200834893
6366.6293330531635
4375.129818366117
10159.637485695099
13392.686745658264
12189.233027464776
12065.5338771842
5937.448787149092
5949.095137753917
4193.783091100768
5875.505065574272
10276.761752067183
9508.978863998987
6902.159673905848
11165.547755109192
4348.457962973486
5678.889191139878
10698.916124817835
6890.529374154786
2949.6620439105773
902.0395946400106
5057.068989602327
842.9105533241078
5659.903844994274
3963.8119746370658
2479.6830667927834
10040.193258644766
1535.2616961171195
30461.65487562557
12423.697674066023
6939.2439655191065
19278.643571233104
3695.1411202265995
10049.41685882885
10523.782124640415
4901.603102954698
6678.248252155361
17899.696774438853
5651.103488209932
17598.577681052724
8396.678969034507
12008.89808101526
5079.452909062656
29351.98579766817
8333.866858965539
4605.907898972551
14011.118030782325
14610.323448890415
12723.75025837597
6370.127661035319
9197.927492119405
8569.645711508168
10546.837134182742
11559.542331887313
9002.677402170048
6466.514308436329
5212.797347688604
6150.0064539786235
4335.041956911495
2992.5421828461
22833.85281890276
26933.288571225716
8312.84794663484
24031.040956770044
7830.71350073698
8460.47811801306
7672.954883736999
12517.161004001682
17904.882933628392
14438.229607542147
18214.984094484244
6636.869910400868
7104.282246483068
8401.241825587591
8027.481761017709
17065.891316953996
16568.88113753084
9594.451238577853
12519.545754637613
4959.87890366384
3798.0679946569853
10388.485382734116
4232.289235310683
1792.0490042939014
1557.0851189393845
4817.363535987477
2488.4166024183987
1689.9280224487538
362.356890414741
8543.609096218963
5490.0058817225445
5560.000546346103
32525.827530565617
24021.55785408538
13020.615604232582
17260.2778923985
19729.203426471322
20265.96100567522
14531.26407810849
17854.45584387448
15858.55766555686
14607.068850894533
8120.567894631143
16392.523018887896
11269.553753431193
16071.047620149564
9866.330672912776
17251.328737075102
9983.14800177168
9105.631451857405
7852.066970474215
9439.917838602356
12114.976672312603
12331.113988799982
8484.185386393463
9723.894331221798
5831.468367307171
9801.113023494941
10347.638612067905
6041.167405942564
7237.470234932332
4896.780549824392
8611.384636101333
5747.668912791079
17844.5888429653
21369.887090042143
7266.795186776762
24961.028205646417
16166.192324834967
10982.059254503994
3522.1703635399977
12487.08846605782
16569.40658380173
16605.804744672503
15222.036642700185
6438.4148198123985
6639.071464668332
9474.908181643714
6322.495418578229
12299.636019552585
13784.322976905865
10105.112477667491
13851.576408179439
3378.757742391875
4448.255071974376
10423.982444924755
5872.532830007146
3696.2713752647915
1574.906074346227
8963.404695702811
3511.7970414946767
9320.40408075154
4190.197215968471
