1098
1471
581
9687
11914
10851
11301
7022
9354
8415
9502
12237
10607
19543
17090
2719
5306
12204
11656
14297
11872
5742
1319
3098
6227
9373
7082
3524
6517
9503
6841
9522
25893
26401
26223
35307
32051
17877
30442
31339
32350
28445
18586
26971
20268
26081
25035
22289
13978
24155
20283
17933
13552
1762
12164
15644
17849
15423
17173
17626
18680
20824
11566
15490
1580
2433
1750
11044
13253
8029
4193
6248
1894
6009
4910
2597
3930
9660
8589
4028
5108
9030
8687
9447
15173
10104
3504
4628
4541
7696
2301
921
3642
3269
2663
6710
5783
7814
5876
19377
21034
5693
5622
12293
22342
13213
11930
11919
5008
4307
12857
13218
8825
17580
12173
13622
16574
9628
6710
10436
10332
12617
10079
10550
7819
10077
9999
9104
419
1190
2161
8042
10866
14887
15987
12791
17568
12505
17712
17503
17067
12648
9546
2258
2870
10635
9804
12969
17665
10997
2260
8325
6978
11653
10119
5423
8345
9218
9810
7848
24724
26371
25966
35673
33571
18088
31440
40262
36333
16830
9278
8523
18610
19688
14923
9269
19208
25755
25690
21385
19353
9503
16592
22619
21032
15399
15376
21024
20700
19271
14868
5279
544
1590
1155
13372
19225
19292
19003
11272
16411
14279
19079
22991
22388
24067
21805
2431
5550
16115
15327
22945
26263
14841
3211
11523
8374
11322
6528
2338
5269
7295
10508
10378
24548
26028
25813
44387
41737
19770
30452
44522
46235
35267
29959
32518
16373
29330
40656
38600
15633
27702
29993
27141
36607
32059
13179
16341
24019
16217
12007
6436
3193
6894
12155
12766
985
2221
1212
6586
9790
11288
11813
13483
14126
13257
12462
9059
11829
11041
12281
877
2976
9749
6843
9627
10561
6565
1563
4531
4427
7414
5286
4215
4783
6100
9225
9098
6890
8877
6676
16570
18369
7658
11625
23864
41680
22990
14907
13699
4608
8666
14799
15649
6523
14346
13516
13629
18311
10217
6261
10085
13333
13682
12068
8821
11259
14930
17739
14880
760
2890
1483
11489
18191
21982
15456
12912
15328
15208
10605
14594
9372
8995
10643
6780
5129
11054
14943
22650
27171
22740
7347
8299
6124
7572
7367
11706
10253
7995
7419
9704
7120
8861
8724
25493
28236
11644
8485
19738
36198
26594
18665
14659
11252
949
12839
14182
17111
14230
13999
7561
13461
25490
14567
16178
7787
5356
1921
5998
9618
9429
4370
9243
196
2305
2812
15110
20605
21065
17884
13733
20130
15502
11182
13738
8129
9047
12133
11323
6534
10335
16538
25345
28314
22280
8439
5747
3622
6316
6341
12195
11398
9398
8353
11818
8716
10252
10617
33403
31789
10219
10469
26992
38022
27996
18349
13396
9161
2719
17368
22469
22493
17836
13186
7009
15535
23229
12190
10248
4666
3473
2073
6454
9273
9904
5893
10390
718
1307
1975
12468
18406
18960
14912
9298
10480
9963
5404
11746
9531
10590
15747
11075
8590
9129
10494
17037
15421
10270
3843
3135
5282
9125
11108
20576
14317
9958
7006
6534
8660
8870
10698
28508
26824
7383
9653
14793
26468
14959
11023
14484
12363
3257
17770
19926
19065
13292
9547
7983
8194
9733
2365
7034
5431
6111
3319
6956
8025
7345
2568
6971
782
2251
1065
10508
14781
16766
14102
7887
9810
8247
6206
8755
8601
7931
12393
9787
6498
8212
10298
13203
12924
8989
3634
4026
3484
7467
7096
11045
7303
5529
4760
9705
320
1936
3184
15764
21552
13016
2679
11455
22243
15128
10519
12536
15137
8603
13476
18743
19561
15075
12568
6491
4670
9205
5873
7938
6138
4298
1855
2031
2594
4765
698
5048
1235
2309
1093
13811
18329
17454
12278
8572
7830
10549
7475
8992
2888
10758
10213
9457
7529
11857
11281
15708
18368
14965
4471
3811
3155
4561
5304
10143
5286
4341
3463
5328
557
1455
6332
20648
26748
16604
3667
14453
27586
22104
15897
13868
15340
11027
17534
18121
19962
16805
18345
10814
8449
15206
8458
10768
7548
2855
3204
492
2113
2122
1198
5971
1152
3399
2683
20807
23694
18760
8599
10711
14239
9658
13464
21394
23204
21442
22500
10770
8202
19173
19098
17553
17145
15192
7359
6639
3876
4610
8286
4501
9378
6949
7136
6497
5937
7862
14406
40043
37918
18703
1520
9268
18038
25560
22558
15468
23782
12288
5380
4430
9300
13064
14809
16127
10417
12151
3206
4953
1364
3382
6538
3467
3761
3611
6450
1078
558
2491
3042
18484
19992
19516
10745
12772
17039
9494
8674
15857
20203
23088
24034
13268
7612
16669
15506
13901
15964
17385
11113
15235
15613
10511
10999
7735
5711
3006
3843
7762
8393
9217
13011
36557
30275
14720
6170
10078
19481
16439
8346
5027
16254
15993
7560
7574
6452
8497
10034
14160
17088
19554
13855
21176
9138
6318
8013
7352
4505
6443
3709
7568
849
2186
1016
8458
6025
9694
8574
7576
12320
6950
6233
9893
8873
6737
6315
4043
2583
9912
8799
10534
10968
13379
6738
7316
7004
5286
7680
4713
1720
497
1964
7076
643
1677
6561
15538
11778
12822
6477
6258
17517
19932
14337
9410
14471
7636
1162
823
8733
10319
13361
10198
5245
9031
7166
13948
11701
11531
9317
521
2606
2748
3870
772
1045
2541
2580
13913
11730
9267
8170
11677
14915
10306
5811
11153
12351
14719
14088
8595
4672
16528
18155
16684
15061
17000
7232
8437
5096
5740
4660
4311
4520
4191
4657
9954
976
2129
9636
22550
20546
12257
5501
9362
21233
26989
16030
11794
17359
9287
2898
2439
11766
15516
19816
15602
6036
8852
6760
12708
9597
7526
6032
1753
7846
6777
9758
2509
607
1967
3708
15544
19803
19008
10494
8388
12295
8217
8979
12305
13151
15334
18099
11132
6866
15718
18137
16146
13374
12533
8805
11932
8569
6917
6784
5320
4228
4157
4516
8755
2558
3014
7180
27911
32769
21001
3668
9175
17084
22533
14710
11449
16923
10112
1640
2747
15962
18735
15687
13707
9330
8145
6898
11362
9499
7877
5137
2681
3909
3883
3854
4633
12738
8353
11672
12862
17219
22692
13630
13771
25086
27248
40854
42887
49961
35693
35533
27551
20026
15717
12417
12503
20052
19662
20011
16966
16439
16087
16634
13484
12745
11940
8904
11491
473
1621
7175
21213
30486
31822
18903
14681
21473
16758
13499
20842
9076
7814
24445
10714
6223
4129
2996
3655
4624
7736
2765
5435
4939
5185
6110
7427
8613
7545
7431
6683
6384
11745
11076
20313
15888
12968
4967
26644
34331
34299
46259
34827
41506
26225
27927
18684
9078
4330
2036
11916
18513
15788
14762
8225
8463
8465
7469
5271
3335
4783
7876
8273
1090
2008
9392
28959
31258
30476
19891
13128
26767
22000
15145
23197
11722
8901
33908
15508
9516
4022
3538
5463
6975
10528
5929
9716
5495
7211
5473
7064
9794
6394
4994
3584
1645
3691
3161
17325
14910
8041
838
15892
22999
20670
35916
30537
37995
28760
28973
20723
9421
6912
2012
9435
18553
18608
17419
13346
11546
11447
10420
7321
6032
4314
5901
7557
432
1434
7914
30470
31691
19562
12406
11330
21088
14109
15981
22467
11179
7067
28233
13480
8942
2374
4523
7321
8697
11081
5509
7889
8446
8289
6523
10145
9681
6347
6252
4673
3211
6470
6811
21130
19167
9266
1283
17969
26537
25519
43886
36147
39013
27711
26433
18809
7548
4302
1982
12758
18379
18316
15934
12039
9970
8791
8295
5978
2981
4492
6487
6688
280
2044
9590
34456
39371
22905
14007
9807
23589
16556
18268
29718
13262
7208
31121
13554
8987
3085
4256
6407
9297
11171
6426
8393
6502
6968
5971
7264
10744
7772
6752
3656
1400
2862
3900
17942
18985
15207
788
12721
14359
13341
32572
26888
40148
26361
26645
22620
9016
9544
4358
9528
19512
19228
22119
12464
11459
7610
6048
7838
9541
9975
8388
10567
423
1225
8331
28536
42746
34744
14518
6692
12173
10153
11832
24255
10617
4568
32193
10960
11052
3134
4407
8073
9695
17702
7237
10815
4365
4447
5616
5745
13597
9369
8152
6511
1201
4816
8554
12526
5478
6236
1167
4378
11614
18670
16100
17441
8605
6229
13039
10866
18353
10820
3499
3375
6018
3909
8136
5125
13901
23149
8715
5243
7601
8007
2307
18075
682
679
3106
22282
20212
13046
2139
2632
24099
14481
4513
10052
11003
3581
14502
10371
5223
3819
1702
3356
3379
6156
2634
2660
4078
1265
4880
500
4746
2227
2148
1972
2220
2590
8522
9319
8043
6424
4476
11763
18327
26238
24781
21901
14228
9325
16476
10730
13140
12337
5998
8009
8790
5665
5812
6520
13537
19740
13449
12372
13194
14030
17857
27217
459
1063
2620
18723
25797
19343
10896
11445
31278
18615
4420
14558
16130
2528
11694
5288
4508
5472
4618
7724
7599
4759
3565
2214
5473
3836
4879
3016
5046
4253
1766
853
1693
2936
8274
8576
7811
7064
5337
10952
11466
13067
17232
17898
17383
14816
22919
9388
14858
10253
4263
4817
6580
7010
10076
6194
9404
12496
5195
5839
8162
13626
14543
32382
442
493
4111
13361
21357
22493
10099
6738
18930
8278
2510
10905
18529
1089
12046
8998
5880
3432
2022
220
3756
5396
3417
3418
6522
1588
1543
2322
4463
5453
5112
1060
2476
5017
9312
13310
10883
8687
6248
12279
12917
18917
23576
22522
26355
17211
25051
9596
18276
16437
9129
11865
12571
12073
12057
7173
13701
19568
12988
11697
12909
14292
15476
34771
442
511
2519
18852
29733
29721
13469
10423
17527
9890
3554
13940
23976
3560
15721
8264
6828
6619
5771
8871
8641
8930
5588
3211
7004
5749
6560
3123
7657
3062
4227
860
1860
4201
8347
16132
11134
12373
4902
8418
9750
14238
14758
26417
20166
13135
18174
21784
20834
20381
3273
7697
11076
6944
26217
24766
54622
80261
41906
27989
17655
16882
12620
28791
448
574
4557
28485
37216
26416
8040
7908
21784
13131
9844
16172
29866
12128
21890
22793
7380
6106
4257
7608
7608
13133
6696
10996
9583
15120
19506
6544
10876
6063
4304
2017
2002
5573
20110
6986
3612
9585
4961
3057
4355
10940
13048
13979
11342
9650
21855
13093
16057
9454
8358
10139
6295
3538
3730
4334
11582
21781
15586
5771
3242
4135
4732
5961
140
1442
21032
2975
5510
5905
6807
5019
3191
4964
2526
2304
8957
10561
19090
9661
4701
2131
3019
2274
805
1742
2942
3549
12658
11007
8942
5903
3144
2058
328
2795
2487
7057
18378
11412
10122
13395
5179
1022
1695
9019
3511
18009
11796
5952
23866
13561
28693
17704
17587
15836
11225
2931
4790
17381
40633
61552
23757
6748
10984
10291
13262
13243
980
1498
19123
5657
8556
5884
11569
9027
3907
4809
5272
4056
5932
17171
34103
12160
14138
7819
2115
5501
3863
9111
10366
11878
29233
27186
15878
6185
2689
10747
5474
10126
3149
6230
15939
8048
6106
10816
5747
3737
5534
8587
8929
10074
7657
4150
16090
8445
11893
5361
5993
7949
4347
5048
2214
12676
17156
47474
18978
4000
6095
3342
1888
2917
273
697
16507
3154
3930
4666
8707
8635
4788
3541
1110
1429
5770
9673
16687
7856
7184
2735
5446
4499
2404
3532
7324
9956
21389
18817
12532
4420
1278
2665
985
2373
5449
2718
15603
13769
1647
17094
11898
6855
6084
17179
15955
16022
16042
13376
18856
18735
24694
24262
20053
25787
20153
14898
12399
7451
13667
36799
30088
18173
13060
9747
10422
9048
470
1837
16160
8981
9077
10265
9688
6014
3417
5542
2513
6438
8044
11015
17556
9244
10496
7824
6529
7305
3703
6947
1159
6541
19076
12953
12153
3877
2245
2305
2534
5371
37594
48574
68299
38687
37232
39188
34291
40890
59302
59946
35190
11248
34621
49684
86056
83773
103334
42917
99698
57092
61072
76574
62736
54867
99762
247550
188924
129095
109119
73361
46701
22236
33283
22926
19859
13780
17919
22048
4772
15866
43204
27181
44725
28458
21103
14788
50799
56993
83665
106008
113782
124443
131232
154583
141625
159191
204217
157958
109065
124512
129917
126493
140809
137672
2327
2734
5691
712
4270
6991
4897
5993
7440
4016
1291
3156
8319
8272
7414
10941
1468
8409
5726
6316
8552
11509
14280
15178
20192
9168
15012
16008
14746
13743
11752
10764
824
973
8943
3398
11600
5004
4396
3268
6567
5595
7214
5363
3688
5688
8569
2030
3092
2364
5107
4255
7924
2710
4099
6532
8195
5089
901
3047
1741
2030
2225
1652
2952
2631
12044
2070
7403
6683
5190
6793
4465
1055
1559
1959
7591
2428
18127
17445
1309
10775
7269
4354
6786
10910
11721
14088
15150
3942
6605
10302
13149
14513
24742
36640
600
785
14137
2809
9637
4067
4793
2306
5402
5598
7533
10292
6943
9360
9322
11466
2671
6622
1743
6141
8794
8501
6748
6772
6767
4052
2269
481
1140
2571
2798
6643
4300
2363
6366
3369
2513
7052
4635
8074
11405
7806
3527
2907
11954
10366
10472
11754
5451
1730
3089
5009
6947
13111
15767
14691
20274
10438
10826
10138
6429
4695
13403
32971
426
863
8519
3165
10237
6053
3167
5086
8785
7174
7077
5766
2688
7061
7359
1576
1709
1839
3376
1916
5793
809
3242
5044
7699
4867
2678
572
734
1972
1199
5447
6461
3708
7782
5435
1339
11645
7542
10185
13436
12327
4610
4414
16594
15697
17673
16330
9576
2466
2583
2821
4723
9272
12766
11756
15912
8584
6061
6440
8918
17105
25045
44812
652
1158
10327
4672
12163
6891
4456
2359
8853
8966
8987
7402
5226
6099
10751
771
2850
2467
4385
3887
6937
772
5933
5911
8918
3409
1502
2089
1206
3558
2822
4224
3529
5070
14767
4694
16583
13800
4734
10394
12259
8052
3347
9303
13694
2878
19377
18499
7463
21327
3630
13468
11531
8843
20436
7634
30896
22645
10076
15016
19056
18842
2707
63158
996
2389
15593
3255
17346
14114
13505
4687
11443
10687
12480
12360
8870
16063
25232
20354
3284
12109
7820
2474
14389
14691
9469
12566
23365
16401
13598
3085
4578
2883
2912
7504
