2009
5579
4025
4376
13574
5721
3052
6524
5534
20699
7393
3320
12992
9976
5811
6705
5412
22406
10903
7511
17513
9481
12293
5030
16333
17476
10251
5600
3157
7770
11157
12766
3682
8035
6775
20014
21886
8706
6409
10207
14280
10081
15762
15100
17089
21302
10068
5504
4289
13682
23853
17326
22724
15397
9177
3295
3161
5273
9561
12522
10014
11206
9527
12639
1043
5133
9331
2804
10992
14950
8453
9270
6075
21237
10090
6282
9274
11819
11696
7243
10020
15898
8208
8387
9445
8973
9466
5541
13172
12685
7621
5435
4972
8255
9898
11394
3290
10723
12721
14847
19113
12887
1549
9095
9222
11348
21497
15368
23382
17210
13850
6209
3076
12138
17515
13990
19702
9797
6023
1532
1378
1921
8554
13548
9634
10457
10914
8132
978
5444
8421
3382
11430
11069
3757
9779
4368
20399
9405
1781
9602
10416
9490
6765
8549
13744
9426
5848
12638
9187
8396
5281
13534
13383
7987
2086
5797
9233
11925
9065
2760
9019
9615
14365
19038
8837
976
7504
10352
7914
18743
14445
22673
18156
12707
6349
3684
13421
15812
13161
17228
11285
6517
3183
4325
4283
7413
11844
11044
10083
10061
9240
946
4172
8361
2399
8283
3979
6015
10061
5964
20305
8968
7534
6605
6916
6928
4836
8781
11963
10010
8599
10176
6779
8340
5320
11755
13696
8578
4298
5977
7846
8141
8801
2481
8067
9672
11100
15498
7042
2431
5682
6524
10441
16592
14754
21984
13117
12166
7286
4734
12541
14980
14291
21266
9147
8174
2268
3222
2717
9344
12350
13811
10438
9866
8624
2069
5455
6386
436
12648
5903
3553
4604
3740
15459
5216
2348
17527
9789
5666
5207
4144
16882
8117
4942
17494
6500
9479
3143
13920
11073
10259
3017
3848
10478
5543
10632
3902
8272
6482
13476
18859
5808
5405
7120
10891
8844
12592
14837
14521
26812
9331
4631
4290
10391
18126
12709
18490
10751
6960
4186
8203
5218
4819
11472
10089
10580
10476
8599
397
5906
10330
7677
10230
7823
13240
21913
27311
35744
39826
27639
30308
25044
13563
14007
13213
7091
13252
7793
8092
8736
12631
11383
7429
8576
12696
9711
9354
4374
1740
6314
20952
27205
31583
29884
25986
19324
18713
21221
25242
30205
26248
21186
21263
34167
26751
26563
20093
6390
15114
14471
23843
23834
25379
27180
23157
14891
12525
23354
14645
16705
14427
13544
248
7797
11835
10047
11156
10697
19832
29597
37110
47324
56308
40495
42885
29558
22338
14820
13721
8947
16473
13023
11323
8812
13364
12244
9606
11126
15045
11112
11345
6374
3807
5677
4552
6546
7323
8562
8975
5275
10167
7468
14871
11957
12897
6550
7303
10654
8891
9196
15961
21087
14640
19396
15985
11502
7046
6602
2923
9438
13184
8727
12319
15778
15312
14482
458
5581
8960
7231
9860
3219
8713
16011
18839
28801
31318
21131
19923
14589
7244
9863
9625
4546
10362
7206
6728
3292
6435
5537
4254
4430
5818
7245
7425
2538
1777
3564
2509
3449
6978
13868
14084
7020
4172
4716
2192
14447
18270
11961
6540
16134
15824
18236
17397
15715
9399
4458
6131
6033
10185
9609
9922
7342
4170
6588
5667
5017
6104
5996
689
6261
7774
5891
10074
4298
13153
20041
22972
33329
40762
23147
24160
24129
8772
9819
8346
4053
11759
8509
8124
4764
6980
7095
3222
6785
7892
6789
6440
3362
537
3436
4625
3729
4470
12977
14887
10865
5540
10732
1138
15360
21047
16021
13271
21301
17634
20543
20832
21625
10523
9015
11132
10446
10582
12576
13693
10764
9767
9864
9310
4058
3670
2754
515
6847
5622
8225
13426
2014
8463
12011
17485
31425
27296
16048
27876
21259
17362
10599
18250
14195
9523
9775
10341
3630
10699
8895
3121
8122
9697
9410
11980
1448
3589
3676
2143
6639
3870
21820
19370
5304
5336
8251
5376
16872
14706
10652
13309
18847
10230
18429
30685
27452
9221
5904
7530
5557
11603
15781
11888
11415
10426
17266
12934
8314
3927
4854
2520
15106
9854
6552
3298
28657
34807
31420
29774
31140
55429
25859
38351
25968
36040
25174
24959
21880
16868
29103
5676
17628
20219
8873
9853
4781
19729
9783
13803
18478
12447
18708
1043
14551
10015
7332
16308
13893
20534
16293
11823
17682
33503
7085
36815
16791
12186
33267
16260
31458
28382
7650
12736
3494
11625
11289
13475
4997
11792
4958
12369
15239
14104
5447
419
6104
9297
7177
6540
14451
24240
24956
29911
25448
35763
29472
37363
31121
29321
13533
18194
21337
17824
20798
13759
14970
18261
13104
7191
6233
13562
10533
14365
18409
16326
16580
3643
9465
11483
14037
14164
10712
12835
7204
5314
11287
18037
13309
29053
15850
3863
16358
15132
25488
25325
14671
14346
9439
11496
12359
11976
6983
8921
5684
10714
12706
6974
2562
2565
9259
15353
14524
14368
24434
28931
36367
44884
47420
62007
47431
53795
42316
39780
15873
27400
33616
29484
32782
19571
20345
20104
16455
10581
8851
22092
18924
20530
27491
23815
23360
18154
26036
31184
34525
33747
20731
12954
6754
17710
30610
32045
20140
32524
15382
13621
23465
17989
31956
34865
25810
29085
24013
25100
23808
18331
9547
8607
3017
8184
6518
4670
9195
823
7329
9645
8013
7317
17012
27343
30366
34858
35160
45715
34274
39673
29995
29785
12316
20307
24798
22635
25460
14642
19116
19898
13806
7659
8081
16594
11684
15645
20659
17284
17943
1037
8389
8437
13895
15197
13509
13957
10034
2548
14476
24107
17037
32338
19127
6421
19606
18961
32484
29647
16491
14736
6943
12880
16850
20879
13511
12472
10183
13783
13781
10157
5575
1646
7774
9081
11382
11469
20948
23839
31118
35866
32855
43055
18416
28352
26726
36092
16255
28000
31823
25132
32791
9049
20438
19487
10664
4620
5366
14643
11973
15875
22641
17295
22098
595
8291
7094
18567
23200
11030
13878
14755
9121
14076
25395
13401
24301
12690
8233
26752
22395
39643
32782
12205
13652
5545
12291
10123
14425
7905
10287
7614
16637
16488
14751
5863
4714
5897
11966
12347
11707
20500
26050
23586
24711
16644
27738
26222
15167
16535
19655
41000
22888
31990
31651
19391
12788
6884
10360
17880
33308
26414
15453
14585
29290
18523
11646
13544
184
4049
3107
11945
16482
14181
18435
16724
13038
2737
12418
15338
22675
17209
2621
9328
13693
15871
19775
7039
13510
7694
6430
8293
8596
5400
2218
2432
8184
9570
4252
3745
2839
12578
7464
10318
1529
32066
34020
26099
22401
16807
24361
25030
25052
3009
14978
55246
12490
24200
45578
23566
20529
12289
15826
3871
25617
38511
14390
10470
22540
14471
11280
9898
1079
8527
5370
10994
11881
16207
28029
23717
13672
3169
11290
6658
24594
29255
11271
20967
11073
17163
19193
11429
13158
1444
3669
14502
10053
9881
3867
7078
3526
10244
11904
9053
3926
5933
10523
11322
12206
20324
27409
18841
20967
13440
28440
25990
12411
13289
16733
34892
18605
25678
30337
21697
16477
10044
10225
12200
23013
21245
13874
16532
25639
16276
10708
15582
513
4842
3279
11229
15745
14201
19837
13740
11617
594
13369
17717
21933
14693
4683
10201
8776
10354
15498
6980
14328
8463
7159
8525
6093
3583
2288
3457
6425
9341
4372
3576
3028
3670
7317
5793
4671
21686
28463
26899
28552
24902
30300
34793
31424
22560
27063
44364
30640
42406
44729
31843
23302
14904
5132
8424
26344
26949
16262
13857
20194
14149
11450
9787
396
3188
7825
11874
17832
20356
27239
19668
18628
11913
15354
16906
32353
27734
7339
3095
14383
17142
23763
16743
18446
13433
10601
16172
10247
7354
3977
864
6320
10866
9288
4860
7433
8597
15830
16038
13885
23532
28864
25076
26175
16357
22263
27119
21406
17515
23709
44486
26506
33241
33741
20091
13809
8490
10515
11341
30236
22741
13683
14869
20720
17831
16135
20195
356
3949
5243
15099
18165
14707
20818
17108
12122
5158
10226
12488
23849
19898
7451
1210
15553
14757
20714
9538
15151
11398
7497
9573
6143
4482
3320
3128
5120
10522
5072
4756
2113
6150
2710
9187
7321
11429
19137
15323
17707
10054
23844
15950
8488
28289
24630
48051
32549
32920
21670
13604
6857
15141
23609
15469
15662
24210
8850
7798
14588
12557
8473
13434
332
3214
6553
5600
10125
9963
17625
16396
18891
10178
6429
13670
22672
11742
7504
16459
7676
9640
13725
7067
2239
5533
5882
9625
7430
3585
1630
4285
9041
15459
3683
4830
2972
7373
3451
8767
4239
15478
13199
13151
13390
7678
26403
8459
13539
19824
25293
30535
20888
16751
12194
7271
7439
14078
29083
11860
7063
22165
5129
4147
9558
7023
4330
10751
427
2888
6019
3161
10829
7178
14900
17633
17616
8552
8151
6588
27442
10375
8120
9880
3573
5666
9456
7418
2545
9103
4166
10961
5789
2968
3181
4579
3621
10953
1749
4100
3197
2973
4299
4766
912
9279
11754
11516
11046
6824
15607
19833
19583
19805
24774
26231
20355
24584
20472
16537
14770
14220
10623
5312
10434
11622
3814
4385
5679
4374
3614
8011
592
1666
3461
5754
11542
10778
16542
15682
18897
12074
15404
16431
21900
14402
8443
14933
5799
5465
9332
3802
3297
3149
3789
5250
4370
2934
1396
4569
6507
9232
3240
5062
2941
9034
5563
6663
2056
17365
16400
13183
13155
7651
22857
9559
10757
20670
30142
33128
14450
14414
16269
8974
14726
15422
24244
8663
6061
22703
1785
5225
8955
3564
6909
11724
780
3885
4973
1395
8572
5830
20468
16359
11351
10528
8792
2657
25349
14744
7401
6209
3290
3050
10019
9824
3517
10089
3423
8680
6386
3047
1892
6484
7365
11729
3862
1167
2295
9018
2249
9152
5301
12761
21411
18918
15981
10148
24669
13581
13405
26690
26476
37961
27993
24897
19110
12867
10403
12279
19984
12676
12537
25674
6848
4548
11222
6645
6454
10891
162
5363
7392
4053
10357
10209
24475
19584
20909
9836
7911
13014
30038
11695
9294
12972
6254
5742
13104
6644
3080
5877
4571
8604
7717
1509
3056
4819
6920
11939
4127
4708
2160
4613
8495
19320
4844
1537
9957
9702
10416
9556
16046
14034
25842
22779
20340
23191
22199
26467
32022
13593
12661
11012
6956
11077
18019
13838
4952
4689
1374
1383
2494
1628
608
1409
10751
5515
1096
2486
13530
10862
11608
15275
13780
13353
21695
16323
13754
11696
15717
7695
2893
4559
5048
3760
3016
6624
6977
3920
703
1420
5507
3264
3519
4717
3539
11648
8402
15177
3148
1532
11448
10470
13978
7539
13543
3760
20603
9286
17783
11159
16229
15673
12033
3426
3033
4232
4817
5931
8303
3331
3976
4737
2925
6095
5688
2639
402
2995
11908
8300
814
3968
16804
16665
8931
17059
11654
12409
14351
13968
10488
7009
12378
5018
5870
386
3828
3426
1505
1778
6344
1353
1146
5525
4203
3149
1803
1895
2608
5848
8347
17742
4023
4369
11574
9055
10278
8089
16283
12037
22022
24463
21104
24203
21452
27685
30211
11703
12222
11700
8364
13547
20262
15557
3073
4356
5238
5668
8830
4576
375
1400
10921
1533
1121
5302
14161
10018
10954
13241
11578
12761
17380
12466
13610
13046
16372
8285
6224
2630
6100
3571
3257
6948
9930
5569
3500
1494
4826
4081
3493
3439
10107
15246
27154
27989
7236
16561
14381
12208
3279
15891
25744
21774
39730
31442
28807
24241
20917
25029
31680
22828
16910
11938
3803
7317
13244
14678
12601
8875
13888
12777
10956
13515
173
3517
6218
12048
4564
8971
21367
17531
20417
26417
24148
23449
36577
32189
23524
22698
23354
13088
5154
8119
8125
15300
11160
15102
11366
5262
1162
1900
7464
11864
10672
12974
4957
10653
4267
19551
2757
8111
11852
3775
12867
6115
27412
3335
31478
15521
27885
15237
29890
26661
22403
11100
11197
8597
6245
15168
21798
11011
9390
5711
3750
6284
4797
5235
594
2123
12938
14301
2952
5974
20308
15491
10809
19085
16349
16057
27063
23932
16874
8785
23951
7364
9786
3050
4552
11451
4065
7340
17879
3540
2276
9115
5263
4237
4687
7344
2763
4691
12960
16032
4206
4826
7822
6945
1906
4153
15549
12658
23915
16160
12464
12251
5083
6657
7694
5374
3192
3636
3133
7919
9554
15359
6539
3125
2129
2325
3785
5337
1421
1567
16627
5318
5100
954
10329
8799
4849
6711
11944
6349
8375
9501
5751
5699
2736
5406
1858
4256
797
3683
1666
2123
1828
2012
1688
1951
646
566
980
657
4935
4051
23172
29053
14098
9493
20021
16419
7019
14495
22282
27316
40359
30581
26447
23676
16290
18655
13190
14532
15984
16835
15817
12887
12994
34998
29055
24616
21604
20482
18731
18117
399
2715
12794
14724
7749
6182
15833
12550
8630
11135
14771
8399
10254
8646
6158
5987
1977
2772
1830
2171
3024
4085
3206
3817
1075
912
1698
2452
1878
562
675
2076
35062
55333
14463
45783
62151
69734
59788
54954
65355
72806
69312
66671
51408
37911
30962
17110
32570
24290
55327
82088
79278
74193
79566
83703
110269
168896
79707
59525
54857
54333
73534
61095
13768
15936
38116
68957
49080
34882
23188
12705
28886
40439
44732
17218
27921
17017
14620
34521
46946
52710
46199
53233
66770
64033
73716
77815
72244
51844
31418
26880
44420
61023
76930
86056
3060
7235
20607
25275
11274
7516
13019
12497
3452
7894
19093
19728
31929
22793
20521
16976
10608
10114
6459
7200
8590
8521
8541
4250
3979
25122
19342
15663
14554
11671
9075
9028
755
2766
14531
9840
8813
3614
14663
13473
7529
11513
13822
6729
11883
9453
6066
5483
1498
3452
2276
2491
1999
4114
1823
5233
4299
1103
1688
1744
5299
1998
1419
2760
3469
8819
12331
21965
7716
2531
8286
9118
5578
6920
17905
13147
25323
18665
16006
16627
8048
4755
4561
4222
238
493
2013
6905
8758
27586
9786
6907
3952
2548
7735
9473
360
1735
15748
7461
3462
2913
13338
12672
8168
11082
14129
6722
8190
6027
5767
6308
2973
4169
3374
3441
1026
3767
2782
3186
1733
3254
3009
5336
5592
2155
2428
2105
