1937
2967
5348
4504
14016
10838
3049
5335
3860
17834
5436
4910
21243
4484
15582
16868
7177
22328
17525
3989
19088
11318
8797
4181
14237
12410
10121
5683
631
15269
7859
8252
4946
7497
9438
26907
21736
7792
8660
10077
16166
6300
9674
18463
4912
32298
4364
310
5935
7797
34357
22252
24858
21585
10398
4950
6204
3629
4711
16070
20640
15780
18389
5682
2263
3201
2562
7729
11657
6125
4210
3767
4956
21999
8302
4216
21352
6308
16660
23708
12234
21056
15161
3678
16786
9282
8841
4531
21466
15685
11029
3801
2802
12376
7628
17330
4947
6243
7386
27424
20011
5397
6560
11266
11497
9052
15417
17386
9289
35871
4622
5514
6439
7725
23317
13952
22675
21940
14248
9913
7914
8902
4877
7771
14431
13468
18624
17268
2653
7084
3603
8103
9386
10491
2192
3305
4224
32603
9520
6804
25537
7782
16230
18518
10984
18223
19717
8114
17077
8297
5978
4837
16293
14673
7331
3397
2129
14329
6588
14302
4401
8164
12084
24645
17200
7854
2439
13548
18287
16796
22930
21541
10499
34771
3443
1241
6660
5637
30105
16952
23394
17926
7284
5432
7826
4770
1782
12304
13898
12870
18250
13526
843
3167
3375
2969
10885
4102
7092
6694
6723
18029
10860
11679
11491
2852
8262
7567
3646
12276
12288
10078
11016
6641
6812
5098
8866
12767
10922
7223
4669
9183
7802
7791
3383
7518
9798
17929
20836
9669
2853
4260
7813
11729
17312
17518
21663
18117
13259
6815
8027
4718
19624
19044
22714
13749
7066
2444
548
2602
4690
11439
13264
12902
13538
8245
474
1406
5790
8997
11466
6878
11603
10353
8776
17127
12793
13710
13601
2976
5045
8522
2900
10986
13992
13958
15960
18469
12921
12935
18587
16383
12764
7624
5017
8444
9693
16235
24078
25429
32523
39715
34672
20125
21762
20147
27220
27580
26816
27395
28178
28541
15034
13941
14421
21740
31134
33018
34909
24370
16042
3200
10159
12776
11257
15388
15943
20933
20214
23349
598
5585
6476
8262
8024
7830
12871
19263
22690
33597
37419
25442
28150
21685
10328
13554
7653
4034
8851
2647
4048
3387
3583
4572
3195
4191
5633
4202
5349
3740
553
4452
5211
11011
15614
21983
18635
8240
3684
2210
11284
18135
19768
15679
10537
19428
18695
15348
13131
8420
8416
4246
14899
12284
12591
9665
10258
10158
9248
13875
7589
10537
9200
8970
335
7126
7477
6120
8763
9464
19678
21156
29595
38325
45270
30606
32404
22509
12444
13385
8682
2951
11789
6848
4569
5253
4713
5543
4786
5763
6038
4418
4942
4074
2193
3716
2172
7843
12908
13089
16454
10087
3853
3599
6903
17902
23437
18830
9763
22372
18217
19663
17882
15361
11372
3665
11701
13071
13225
12335
11975
8102
6289
8232
3399
5873
5864
4138
1874
7240
2806
4695
10089
10177
12315
19055
13296
24567
31819
4067
25763
19010
4470
7180
5884
13155
20768
6102
8202
14066
13838
8068
5364
4416
3728
3587
3965
9017
1146
6677
511
8459
7600
10990
17954
7262
5222
6574
12609
11698
14084
16652
10997
15337
5978
8181
17261
27172
18495
6688
21484
3295
12216
11770
13821
3961
8438
8683
6565
6955
3707
3756
544
6408
5556
7063
12811
6042
14337
11965
23733
32420
42632
24864
31174
25248
8176
13362
8833
4071
14120
7008
10016
8355
8455
5953
5285
9396
9036
9804
6141
5358
1588
6507
11549
18000
20670
23256
25977
8988
9123
10458
18073
19693
20560
16655
13259
18785
17725
15840
15905
11282
13851
4991
22098
14956
15565
14658
10759
11754
6414
14784
2051
7389
6894
8546
239
4748
5966
7014
9124
8848
13300
14320
18388
27819
31943
24938
27488
22168
6989
11414
8288
3764
14833
7949
6639
6283
6795
4538
4534
5799
8277
8429
6676
5959
2960
4941
6139
1489
2199
13685
16624
13912
7918
7239
3637
9783
13933
13563
8181
18196
14924
17388
16468
19924
13091
9174
11526
13644
13703
10555
6318
5055
6649
9885
7326
5514
4587
4443
1042
5145
4730
7308
11617
24253
26881
21564
24263
25026
34081
22803
26203
22094
21764
13311
13287
13727
11090
14484
11044
11560
9886
6526
9559
10148
12768
8699
11112
14772
11681
12206
417
5005
10045
13280
25187
17066
14676
10882
4824
9128
17855
12340
23575
7308
10383
20048
14074
28255
24359
10553
7795
4671
8580
10253
11019
5467
6044
7357
10137
11781
6677
6604
5624
11985
14026
12453
16346
26474
39347
28926
38258
31336
45668
31579
34562
26894
22667
13911
12834
12172
10821
13322
7617
7168
4172
4787
13677
10774
16763
6629
16348
18931
12197
10761
2461
4263
9743
16609
21518
19777
23358
16351
8041
12531
21616
17295
38509
19004
7025
27148
22942
40425
39572
19816
15058
2892
8703
12576
19202
10192
13488
13512
17730
20840
15455
11973
2812
11299
3531
10919
7430
32549
33372
26568
37069
20737
52038
29191
35076
29072
28128
26307
20866
15010
14693
18585
7619
9471
12089
7753
12369
9250
19989
4837
14937
20006
7462
12232
633
8691
12370
14513
17786
15750
17067
17814
14666
12503
26444
3854
36902
18354
19074
29845
9901
34688
29637
7230
8940
949
8452
6051
12000
4204
8577
4405
8900
15227
11111
4877
3243
8799
10521
8584
13192
33065
40326
31427
31812
34941
42181
34736
32307
26359
22083
16825
12418
11990
11500
13416
6619
6193
4138
1203
9612
7944
11726
10708
12934
14905
10065
11600
3814
11306
12757
13054
22531
24246
20243
15161
2413
12556
17046
13916
27803
11704
7182
20263
12589
28172
30273
16167
15707
5746
7350
7969
8939
4775
3435
8209
5959
9526
4783
5462
1611
8617
6376
8791
16590
33838
38089
33377
39511
32962
49459
34204
31112
33397
33725
29257
19470
19708
14968
18458
12167
13961
12312
6104
11477
11383
16545
10031
17046
19264
16399
12097
274
9753
10873
15136
26741
23819
19744
18670
13374
13325
23121
16328
30336
7457
15546
33838
15497
40617
34775
13636
13037
5367
9886
11219
15267
6169
6776
9530
7606
11847
8315
5518
15537
19926
24462
20710
25147
36012
28768
24166
26627
14387
21037
22589
10144
8597
11074
19619
7047
14175
19384
18744
14809
16435
9493
7140
16080
16313
11530
4510
5838
8489
6008
3991
715
3060
10309
12200
18936
19166
25216
23214
21880
11372
14458
13020
25914
19877
2361
4296
9003
18208
22427
11765
17103
9092
7305
13774
6304
3699
5720
2529
8795
10092
10523
5897
2521
7002
5134
5851
5419
29864
27163
15992
17810
12014
12694
21978
17256
7509
20414
43640
6189
22028
30385
19684
9850
13669
25422
14588
30129
34055
19402
3732
15292
7075
2626
5559
1043
4033
8385
4331
12290
18306
19587
19524
15704
4723
3841
3336
25227
27126
10486
16053
6189
27083
25361
16218
15792
3808
3981
17673
3770
4734
3576
6669
8905
12746
11192
6278
10622
7336
8557
10758
770
5426
29157
23286
28243
20202
28970
37563
30280
30169
31598
41515
19769
33144
28572
16326
15705
7501
22639
21603
28861
24397
17832
11563
22595
20377
13582
15570
652
3795
5570
13803
17571
13035
24375
22653
19989
9154
12234
13405
22461
22555
3795
3466
10014
15767
17207
7279
12502
8365
7841
11443
3825
2289
3748
1257
7958
9684
8060
4689
2529
4452
3174
7180
6939
23862
21687
18962
17232
6694
21631
16623
12230
14833
14224
32595
8124
13665
20057
14472
15508
5943
21167
12548
19982
21653
15973
9665
25464
11463
7300
7669
349
4591
11646
5800
15869
15593
16190
18352
16467
2921
6457
12645
18999
16962
4173
13869
3772
15768
8743
7403
16313
4883
7261
11289
5369
6998
8671
5559
8300
10520
3583
2566
2596
3472
3950
7755
10445
27212
16450
20812
18798
7008
22397
18199
10756
17280
15896
40658
9484
16473
25112
20309
21158
10399
28204
16377
30981
33349
18854
15814
26374
14310
11347
11164
624
3427
11124
6628
25056
17720
11905
16739
15727
6689
4456
14551
16850
21647
6202
19133
7449
21595
8196
12044
21271
7177
8426
16811
3335
14358
11811
6469
7341
13535
4071
7449
3127
6123
4617
11755
3276
33291
21469
9187
10815
3644
28449
11932
18583
37135
49429
29169
18431
33082
8129
8716
12399
6751
34421
15836
10826
36884
2942
4764
5189
9856
21504
30323
1308
2227
7275
4165
17142
18470
21177
16087
12076
8709
10032
4497
34792
15953
5889
15318
11780
9150
15992
9561
20015
14895
6985
12772
10983
2116
4036
8600
7136
13280
10072
3060
3835
3379
4603
7877
4539
12163
19245
9941
14783
9727
28458
33649
26001
40827
23373
24585
18552
37091
21382
26275
15078
9864
18613
15187
16348
14145
11722
5591
7209
6058
9898
11658
225
1898
4532
9816
13419
13996
21095
15620
23601
10292
14931
18508
23789
14022
9099
19522
10396
7498
13219
6430
16598
5204
3465
5511
8348
8803
1845
3672
5039
9297
5746
7284
3241
5584
161
10325
8863
14119
24518
11510
9697
5454
20925
21590
15034
36885
25417
26470
10121
29495
19880
14865
10846
8286
23690
16258
16196
15503
1725
5510
11586
7640
6767
11388
250
1143
5655
10600
15243
13104
23086
13760
16001
10084
9456
14384
26441
14888
6729
15065
8111
8454
12807
5187
3257
8600
7295
8669
5401
5976
2333
6061
7567
14145
4682
4566
3979
3450
1216
12289
7739
17419
24073
13335
13589
12631
32448
37232
29851
51383
35609
34209
19205
42261
23712
25042
18640
18655
38803
36039
38478
25544
13955
9918
9014
12345
15423
9049
139
1373
6724
12639
16516
17381
22854
18993
25725
12667
12752
16471
28032
17949
10446
21265
11120
12310
11764
2202
9619
6648
6475
12075
10694
14725
3629
5477
6865
8232
3123
4417
1675
2892
9718
12881
9163
20457
21192
13734
13958
13783
25955
29533
30868
40869
33873
27100
28701
35310
23903
27364
21128
17098
28752
27587
24066
17174
16056
14814
15872
17744
18996
14624
273
1744
2816
9410
15198
16949
20704
14138
16839
11524
13278
13981
20602
14323
9359
19002
11752
7385
11086
4379
9150
5760
3862
7472
6403
6122
853
1883
4310
8780
3508
4351
3378
8632
11418
18959
7505
6117
8958
11588
15683
6345
14874
4753
28281
19507
17008
6667
15493
15407
20296
11014
8133
5433
3261
8330
17039
8001
6695
6269
3502
8085
7075
3054
759
851
7776
10565
3832
2218
14517
13403
8023
14564
11177
7157
22777
15988
7641
4476
12783
7833
6409
6026
3830
5468
3731
8621
12946
6336
3797
9778
5352
6236
3177
3853
20105
23674
32074
34039
16892
26930
20920
15842
11188
21356
28011
29175
40931
32650
22536
23360
19681
22715
19469
1445
5268
8874
15728
12540
19040
14670
17639
8498
14545
9471
11766
14253
232
3527
4880
12893
4160
6099
13752
13608
11110
15475
16409
16919
27441
25652
18644
19141
20455
13989
6817
4966
5131
3627
4365
12294
18834
9999
3884
1852
4755
5823
4174
3925
1431
7097
17683
25232
7720
6466
7715
13286
16415
3061
8899
8768
24910
20565
15097
14956
17641
20128
29516
20294
15701
14270
7305
6021
6642
13382
14294
11468
8937
6132
8078
9555
859
3989
10058
15996
6376
6843
14913
15647
15555
19264
21016
19812
29005
24104
17654
14641
15194
13144
7593
6358
5379
3726
3500
5328
7519
4290
4427
1292
3057
2222
2233
2810
3570
8029
17696
24745
3614
7330
7315
6970
10271
2691
10975
10390
20736
16469
10042
15583
12514
16091
22780
15959
13154
9472
7847
11429
15342
22959
20941
17821
12888
14174
15050
14620
249
2165
16704
10624
4500
5525
14478
12930
12793
19099
18158
15911
25934
25202
21393
20279
21820
15132
8078
6832
4333
1746
3638
10185
12445
6410
3276
1008
3652
2517
2071
2245
2876
1848
9422
22249
6885
5336
15992
12739
14357
8013
16964
13314
27840
30578
23713
24214
27354
33967
40449
20555
22764
21094
19052
28454
39035
23762
5768
8825
7207
9809
12520
10030
726
691
11277
8766
3334
7511
18642
12312
11476
13553
12735
15316
25784
23063
18539
16541
21642
12938
8439
5371
3676
4327
5086
12932
17008
7570
3247
3535
1693
4178
4245
4221
2945
3783
12867
17252
6074
3514
5840
9032
10084
7178
10840
8671
21365
12022
11853
9885
16245
7802
21020
19896
16311
16218
16981
19609
21177
19611
4067
12215
17023
16906
19142
21209
352
1668
17192
11813
8403
3801
9556
9411
5695
10037
14844
7609
13001
7430
6976
6956
1688
6585
1211
9475
7221
7678
3750
3929
2030
2224
2662
3182
3490
1998
491
1498
3705
7386
15851
19576
9172
8997
7032
8135
3214
5761
15773
12180
30100
13242
7013
7803
8899
8097
6422
8637
7046
5718
3112
2232
7730
32450
15394
4280
1204
3487
5762
10529
285
1742
10508
12869
7104
6291
9146
12699
5693
8759
13693
7296
12019
6692
6445
4790
4315
3181
6955
6113
5397
4470
1012
2521
3186
1379
3278
3329
1973
846
1841
2159
4262
7699
13762
25662
9990
16488
10964
9897
3028
10226
22887
8721
45695
16655
6352
13426
16425
14359
7894
13915
13230
8499
6966
14006
12340
38807
9805
519
6262
4284
2253
15607
1337
929
10541
16416
7534
11044
11996
13975
5175
11236
15379
10101
16970
7206
9305
4921
5040
9450
13173
12780
11063
11925
2844
6457
2572
1531
3548
6306
8005
3467
421
1937
2731
2431
16201
27719
12364
18187
17480
11637
6506
13685
26908
32061
45482
32260
21936
21593
16181
17393
10589
13725
16413
17366
16257
16618
26513
57308
39383
29315
23908
19027
17267
20827
418
3475
9031
16790
10021
8619
12495
9438
6943
9684
14622
7949
15574
10821
8319
4490
2914
4617
444
7612
8165
7047
3780
4740
4279
2120
2825
4920
4681
3625
2520
589
7480
6124
13400
20755
11985
11532
15419
13193
7073
6681
18663
17932
29790
22893
14861
16601
12663
13714
9100
6560
9067
7482
6229
7677
17010
38361
19848
16283
11666
9049
9494
10827
368
1781
15434
10060
8369
4634
12117
8264
5106
8189
10902
6063
11189
8003
6538
3146
2753
5788
1950
9091
5331
8300
3629
4457
3350
3590
3350
4757
4893
4239
2071
585
